57409
20031
10185
43101
34133
34310
44927
64356
17492
63269
24329
2660
58283
18674
15962
5150
16773
20996
11828
54505
57698
50375
17054
17666
22634
58259
49454
43216
32707
32809
43054
16981
12147
2556
26678
37301
28059
40606
52091
30678
11518
48199
34667
50558
45700
18544
17413
26395
38729
8660
60514
53
39085
25581
48906
2740
39441
53677
13152
62438
41170
15517
7860
5464
36118
36795
41263
45833
21285
34835
49590
58201
14534
3121
26783
57580
721
28307
13527
42484
12312
61379
5297
44293
65441
14252
31764
33634
18622
33874
38733
16110
18097
17257
31840
13594
63510
41641
42931
25376
21317
6180
20068
22711
31321
40480
50911
45802
40409
65357
29136
58333
6470
11381
20580
2997
58781
61431
60636
27581
1800
21639
21213
27598
62510
15290
24656
57076
25911
21828
48390
64003
59974
25062
37411
34524
24741
56566
37814
15
863
45837
59295
15654
29452
44610
57330
5371
26076
17222
54320
47972
61801
46351
39498
31136
61415
44679
31492
26487
42094
51237
1431
21244
51163
54865
32422
32406
64617
60042
29849
5606
24146
6120
63848
52970
35604
43310
64621
15479
28452
21819
9208
44323
21751
3059
2694
25085
57030
35400
18917
15414
55671
56744
40849
33968
25489
47247
22392
2004
50695
14407
59602
49864
46821
1045
10538
53161
2352
50559
46821
9837
4063
63680
17066
2592
40214
64246
55184
23593
24676
20982
41039
39708
48722
60039
16627
54821
11906
4683
1216
50782
25457
30986
9518
53510
53774
40373
53614
63675
33142
65024
696
43220
24585
27400
36750
823
24670
20374
34456
10146
28054
42334
21671
2910
5225
16255
28262
36628
21175
58265
23201
51180
56671
22081
50745
19670
40781
14243
5508
14772
43483
59323
8726
58639
22493
13149
51241
5135
53104
15787
20042
27134
59645
33333
54993
9617
55654
24733
18054
19824
20396
39112
35694
65271
61095
1915
38380
22991
1663
53220
46426
3643
8994
6045
38566
27798
39476
27159
33146
28902
13890
55053
29950
39750
37838
13954
46727
930
52066
17550
5160
13263
15166
64243
63494
28961
37200
1921
46453
47511
45705
5306
26723
10935
49783
20834
58646
21566
61245
54216
4032
12805
49539
5977
55842
7787
11361
9001
3760
21534
248
50751
55298
28001
19676
36018
40669
48965
34146
49245
24380
40060
725
25661
47655
13000
11279
35475
3792
56156
48238
29559
3036
37087
26985
25577
15045
5302
22966
7734
20062
30413
18175
12476
58325
36043
64699
53109
42705
15818
11048
17607
36103
9461
47277
43021
13772
46268
61272
29756
43883
52733
44510
40621
27414
46691
11703
42175
38701
51691
63218
37024
60416
1720
29078
51491
41203
25955
56440
40118
63573
48929
35634
43388
3786
14285
16139
22341
5365
64978
64936
716
50837
54715
3871
24290
54392
2801
31866
61325
21392
4573
55509
53843
1858
41723
58996
58367
8562
3208
31281
62050
6537
60760
31857
3665
26033
42592
13253
4615
54210
12792
44762
43545
61496
20750
51793
38327
24082
58487
16376
9938
11018
10422
45514
38564
34086
44845
41133
36331
27318
26224
26676
60959
562
24721
56723
45034
18792
33746
48913
28072
30840
36404
51010
19566
28523
12213
31732
53647
3680
28306
52557
31127
58614
8846
1563
34642
3322
32959
28454
43584
30792
47505
35437
5
15090
2852
42636
19364
5070
25502
28662
40451
16528
16448
10711
49008
24869
50213
44736
17597
2971
6606
50031
12417
24996
29318
51384
7173
32888
54219
23575
61707
11623
16599
15914
37050
46049
14625
30441
1246
24030
11633
32026
11452
50956
55986
19010
24768
41786
1531
50738
37011
32795
42981
7625
52438
27980
50412
64867
19262
35265
34712
24048
43161
33586
55268
7089
16611
2624
16041
16707
49715
19492
18120
47356
49405
46096
12495
45993
6970
33812
54319
3383
48297
22697
32660
37230
52818
44258
18499
18667
28924
37880
24464
21489
61443
61973
60303
40278
24240
20910
43857
30734
53387
3895
3265
24211
53621
5715
50546
30952
20891
45315
43760
10257
23631
56705
58181
14309
39187
23158
15578
23354
30977
35172
8567
38866
31974
36316
43705
33877
49983
44961
17223
43581
60648
3934
22135
49543
21878
28545
21693
2167
1324
59566
29155
16341
33547
42083
17927
35082
59809
38177
25384
29578
13975
7240
13135
63488
60756
40860
17745
35616
21408
43251
1514
20598
23666
2266
12048
45424
1234
42237
18373
37968
35727
50296
4785
58819
14535
57084
9218
40907
13511
24553
33873
28770
23729
18637
44823
4431
40767
24359
57555
45507
60757
56277
58104
30416
20466
55263
25994
53370
58996
63610
29741
16353
64296
36780
9019
26865
29996
59135
46897
36047
15947
44402
58852
28048
11636
15225
48462
55709
62231
60531
58308
18125
22986
10193
48245
17892
28024
57651
65135
816
63760
64341
54491
10444
50629
55387
49181
59864
17797
2116
62346
52447
44903
15808
62157
37999
53476
44371
13577
56764
17955
31656
23127
37017
12565
58978
33171
29452
63907
50634
11720
25404
349
51891
64077
9179
30381
701
31511
24646
16642
10862
16258
10839
55681
60977
21207
10718
35968
54825
20297
65527
32890
11246
381
15138
47397
15550
51383
6389
36306
29734
54925
43765
35282
19737
6895
40643
28959
19438
12848
61876
57036
54050
40027
18440
731
57343
25935
367
54173
9199
14358
10865
56436
19433
3467
33184
24178
25854
459
59645
46655
51664
59821
51791
62737
21212
13615
6354
18898
54211
1970
36468
26386
5652
7434
7159
14401
44270
30762
8355
50976
53576
59942
57924
7737
59791
10904
43319
16039
65126
12674
57623
28604
56903
62137
34205
19090
5641
1194
44114
10311
28242
14173
10863
32273
8691
64620
1501
10173
20202
13438
39945
21376
23194
27514
8839
8474
28871
255
49965
10841
26859
5691
55989
44929
36997
29218
56649
53727
55757
61149
38231
19789
8361
14810
44709
61535
26437
40359
50092
16580
57752
30943
14941
40781
28458
58311
54016
50887
29176
29020
30931
11965
41223
61776
56389
30877
28123
19808
11781
52919
53947
31176
2808
57937
30369
58075
30916
15185
17884
50253
58332
13675
55139
43677
37190
39820
56747
20973
58811
60646
60704
28736
19258
63891
57896
15445
33107
22363
54549
9014
63812
23792
63920
11229
11593
16742
46966
14848
25614
8895
24223
47361
64700
46032
49551
25441
22098
25653
6803
25952
36579
29253
60252
25839
19626
30482
4217
52791