15456
25694
16914
14846
58849
62081
49302
9664
2817
16528
61914
37495
45868
4424
15705
45976
5994
29469
13829
28669
57739
57179
36630
12343
64812
18154
6777
26150
5256
48338
48752
4116
14838
49336
55946
44957
14743
60191
14881
17984
1973
41332
33202
47710
24743
36793
14556
3728
24997
36586
60124
52498
58945
15502
31524
2854
21735
6738
30092
34015
47880
44558
38969
51742
26366
57724
8541
24733
37950
26735
37755
8765
53674
52773
3106
24342
27146
37198
39955
19813
7105
34848
6516
32404
40383
44487
17889
21059
58028
65461
5606
33335
27237
40681
45534
16771
51347
33193
11562
27899
24416
32641
37154
25099
53683
13399
30453
16756
1122
6721
47908
33725
20360
44873
20346
9183
34993
52010
7011
946
28009
65234
40351
21848
47563
7089
49936
42226
22048
19104
48120
43234
15225
46669
10001
609
8019
54199
13850
55685
44427
22206
53970
30196
25673
43717
51961
58066
12005
35529
43417
25469
48927
58725
65423
58816
46456
39203
16087
741
21262
37779
64357
16232
36958
34527
44421
5643
23955
24359
45520
26402
1777
25173
44386
47178
61342
14164
17217
64823
33296
29328
55181
23730
26189
60746
60265
21410
18668
7747
63597
17057
28443
33242
28139
20777
14602
15275
6359
24752
62654
39864
18647
42776
41890
62927
42580
19514
21065
24139
3639
34644
37521
48509
64726
39180
32327
49125
15757
51727
5794
56314
46028
43010
5091
34032
40345
11319
47741
31507
65162
30207
36721
58118
28651
30503
63720
46234
20207
13598
54215
52877
290
64548
64022
38147
24107
10208
58384
28340
56825
36505
12710
38921
33517
37527
13649
34181
57123
10697
4745
33556
35728
51324
12197
22492
34932
40350
61163
29172
36457
43180
65508
47731
1059
26351
52060
56193
58853
55455
31216
61230
2251
47731
34333
40248
4620
47962
18286
64728
20405
56328
23943
16603
48781
36134
60773
20405
20079
17940
63397
30680
2131
55605
17132
15230
58840
34943
50366
22810
64354
49578
14128
52084
8953
43894
27607
52409
58796
9745
63588
23473
30413
34535
16696
53570
32303
34933
35332
21751
34555
58491
4076
38550
15891
6068
62440
20509
24076
63662
7492
41604
62512
42372
18737
39933
48134
58365
13664
58287
24940
5303
46389
10112
5583
7167
14549
41689
44011
9466
30480
26786
38264
28963
13686
31679
13536
27785
10560
9371
48199
24606
51997
43333
15155
59746
42646
21554
43193
49006
20586
27091
28765
48922
24598
63865
57663
2609
33679
55146
37136
45147
26340
14817
23184
47915
35462
59915
51375
53168
36622
43259
51030
8339
41616
13256
58877
53876
4430
15737
35934
35222
20897
10783
36447
49226
35517
21675
53702
37529
28813
40719
32799
49429
56238
64737
49583
22185
64215
48623
20253
18800
39860
23636
41041
39899
406
17222
16023
57321
5768
53969
49367
42809
32308
14260
23979
3698
23745
1885
2650
62418
10036
3235
25053
965
53398
34233
14028
37399
43062
19194
40590
43604
22592
53670
6009
34212
14747
47909
14078
34245
52733
54888
48215
19415
16836
57895
64722
36100
2687
49367
40302
38736
37036
1818
31340
7716
2765
21720
2572
46703
37497
65360
26851
54210
40385
54427
26281
4048
9929
35090
28465
46555
62911
39103
40423
38528
21495
60856
13077
26232
28224
49009
43245
35117
33370
36113
15440
53473
44780
300
43677
12151
16891
59822
19542
26753
63347
12708
61235
55908
5951
30875
63577
18115
63328
58748
14447
26991
11747
36239
60582
41118
36387
44480
45920
20614
20238
36427
58797
37221
17703
47594
19436
4793
55769
5486
653
41390
57087
59387
43843
33988
19585
49451
45204
15926
61617
55100
56816
359
48970
44192
51306
3615
26589
2633
22587
11201
63770
64091
61820
28061
41560
61907
50152
2044
2619
58677
22021
53539
55546
13971
35009
29549
38811
27973
39663
5471
47770
13356
57018
32456
45040
8638
48461
60655
6455
17254
27982
13785
16298
1971
12963
12750
54498
23231
58312
17533
29545
46276
35700
25906
8911
65129
8331
56994
23854
33790
41327
61436
6446
59948
44335
19948
51663
39584
40925
41094
7542
45583
55878
25393
29772
25737
59896
51035
58447
16041
35938
15823
53362
618
43825
783
47758
53331
58243
14587
44856
28779
47998
44758
16783
19641
10761
60051
24836
61972
55652
4475
18869
20979
17171
3775
44679
53325
51276
16105
10861
26169
42792
47533
57099
28864
2036
21540
10994
41712
26130
22559
38524
65178
36176
9739
60795
58831
22172
49657
61933
22420
30256
63811
9383
52469
9125
15276
46659
25287
29638
63383
11232
45149
27037
7042
44065
46766
44772
12226
45356
8823
48692
58218
44949
50012
9342
24517
12224
58044
45968
14688
435
48004
14147
39451
33773
50073
25920
4653
43596
39702
29923
32150
2637
24465
17030
2511
137
5733
22406
58888
30781
65206
33370
11383
3891
49267
23540
3251
60227
28530
22850
32657
4300
64067
50443
13460
35915
24935
44576
25758
9133
26195
63609
15528
31721
40020
16021
64718
57524
65493
64282
4817
25728
44201
57521
20857
41610
29019
59450
28946
58118
31974
49086
24897
44192
7939
62003
61266
63915
21440
39582
59238
32574
26350
58713
62113
1027
23032
19872
27374
4684
18104
35277
37890
54992
43997
55661
20052
62147
15282
15047
31433
4984
54429
36782
55760
64210
63033
20549
38275
11919
22505
43992
10468
42645
36368
48824
37800
57353
60004
53535
1641
1773
17361
45665
57005
11621
35129
8794
1591
20075
20464
2209
17949
38508
64361
4351
19036
1142
48714
57619
63557
48527
18657
21336
63901
27432
57556
23670
3495
54662
6405
59460
16118
48796
8527
16170
10316
54606
32151
52290
29430
27098
64983
23411
49113
623
17024
57576
35477
36518
47920
38280
13270
9528
48155
21722
22860
63616
62537
9548
15566
42645
53936
14885
58499
33841
38235
58497
56443
42029
41408
50119
61981
58538
17113
21452
61079
51058
21934
37657
55763
31260
35385
58658
44855
39220
23679
43213
19367
50622
64455
43146
2322
57046
27465
46884
63039
33322
46114
19257
10985
62071
19296
16544
38954
16543
44691
40845
13687
2847
5125
1085
19898
5209
22026
6016
53052
33520
26537
39758
54667
32997
41228
7451
18901
24981
42060
28306
41038
29900
6176
61378
37382
3279
25468
42128
42629
34136
59297
21318
11213
27293
43016
28224
999
49838
20940
30998
36530
28358
51327
64113
58631
13172
18989
36747
48272
261
47797
43855
25061
61909
8596
42246
40809
14209
37573
53925
25117
16523
14854
6338
37077
13665
51583
13286
13647
12353
9747
59585
52365
20408
40292
13121
61525
641
5260
53168
39229
43975
63116
45267
63363
42479
1775
64936
24567
31137
45456
24068
29099
36064
1493
34068
240
51222
12480
47
53514
51020
1538
60181
44532
2040
62644
55368
51406
55681
3523
41120
30850
55572
53006
41499
61993
53720
39715
54806
46262
15218
43222
12767
65274
9430
8187
58030
19678
30452
38051
13327
59832
44090
62231
14439
64206
20867
61520
39578
3201
38855
43675
6089
12061
38096
49891
62227
7175
1642
62037
3233
54076
510
59589
9488
61785
59967
24926
5132
57291
41593
56241
11269
36357
30242
37225
37863
62303
41056
33013
52605
30983
18697
41059
30999
19333
61431
46762
44070
4868
24737
59973
53365
31875
56948
52914
15877
55297
54531
21710
54804
42308
35446
3760
43696
26320
50120
5148
5285
27773
59604
18668
30043
39138
5656
54845
36300
14584
13884
35516
45219
45297
22921
64475
23583
23796
62150
11454
25236
3205
49376
51623
51232
61690
26964
10469
4844
15419
64649
48757
56994
44297
50391
3239
48915
833
48199
1783
25883
36298
47800
21752
10870
53618
46618
22727
10573
23951
56859
49597
13028
38358
6291
15994
9974
40329
8517
43305
61487
30215
17028
33086
51699
22455
43716
35762
4168
14993
36475
40090
59013
64323
41865
30289
23067
25989
6807
21756
51841
41046
605
54732
62023
35435
21613
7612
56723
61229
53884
55369
38069
12007
20477
34657
24158
8875
52174
29359
57814
38250
46757
2049
28572
27641
56588
26180
62753
35537
27195
43179
22453
44634
25465
28838
17032
43602
21305
38740
64920
55453
60797
54571
5125
3630
28031
34687
58147
35868
57399
2951
44053
48201
26434
14709
45841
45535
5921
64944
56340
38918
26676
44225
50311
55029
4619
12730
52903
20034
32222
18995
58224
15937
42078
18628
24073
47728
12291
20802
31108
18947
30081
32631
53290
3662
32804
6054
12481
37261
15681
41269
22393
34567
58476
4838
44478
20443
5397
43108
24234
31588
34164
13776
7595
51369
23408
11483
54677
736
3377
42097
6036
15636
49390
3915
54509
20801
30337
44718
53587
6782
33390
63816
22602
18502
32819
46010
20335
43613
50863
26570
47743
37503
9876
18259
7509
44923
14930
5714
33265
38326
141
56623
51658
57320
40408
39707
29804
62601
420
23857
31731
7004
12424
41251
11867
22243
3540
62105
32183
56079
54905
1168
37839
10279
64493
1364
45603
40494
48272
52649
31191
26121
56966
7150
42272
31085
51644
33980
21502
35515
16235
17651
50885
31731
42416
4586
39854
43763
19726
55464
62785
47788
3160
23369
34497
13702
3276
33128
46035
59983
44058
34883
54438
31505
29565
23193
16378
22488
12428
26901
16639
8989
41788
63375
27940
15674
26289
50839
45016
32116
18084
18804
13280
4575
55056
8391
34961
21226
32695
59188
13353
3911
46747
22254
57250
41505
30303
58705
49055
21259
26216
9215
42750
61128
27912
61596
18749
57082
60165
19763
18305
834
7079
64822
50666
33194
19052
47984
54391
36591
48717
46687
41002
34436
18798
20809
13426
55159
26052
13554
56663
30555
33605
8076
44565
54795
62930
65438
42498
39800
45550
58646
11013
14649
9768
24911
64326
49450
54896
37693
13308
8198
28705
32177
18938
33991
51964
31394
16259
30059
42374
21848
52701
54576
27548
16099
27371
8229
9722
1431
46709
55209
51287
49243
36915
14156
44284
2165
49238
24135
47935
20804
22874
37169
24727
36859
55388
53846
46426
28710
16597
62402
60933
62226
15781
32950
13046
58396
24058
17520
56360
41659
63965
23317
56911
54551
34783
46588
33387
64468
9889
23125
64687
46330
11550
9234
51972
38995
5743
50265
54641
1214
4109
16137
62310
3469
61395
59864
2678
5113
31694
35911
30816
17123
6891
11984
9189
54739
26708
33184
31995
27710
3066
8497
13044
5426
907
46817
62815
19266
38679
56533
13782
10798
34165
11528
6329
39086
58611
51354
44402
26502
2579
2752
45461
13009
17746
21817
25625
49643
34374
3722
50110
4289
35431
53794
26449
37547
5030
14333
58477
30843
34855
53833
53191
37513
26519
14981
8176
19464
40269
62163
34900
1132
5449
60554
31929
31052
54174
42201
47743
18043
37757
23768
6783
55623
11447
54592
28897
48898
190
30194
15659
30200
35059
41085
8524
54235
16589
30313
18347
48140
1431
55549
24822
55006
56717
39005
61446
26000
2310
21825
23293
26599
33756
30326
4940
47054
13482
28539
9305
12041
53221
4536
44603
20027
39075
39381
15472
9964
3931
63158
13919
36439
65076
62145
36269
14520
4264
22061
26579
47746
61753
2827
28638
10469
5161
40348
37957
40857
1699
45264
28614
39549
29796
59426
54875
53249
42920
57895
44114
50675
17657
9836
10249
62547
54996
53579
25880
55694
46048
27970
23458
12142
40662
31104
22530
18620
13771
7350
28138
60032
2106
16885
28048
2542
30719
30972
5053
8171
47934
61354
57152
4775
34121
45708
27444
31682
1953
39968
49852
60769
44853
6023
6479
28439
7385
23730
1797
59097
170
63188
52821
56582
3347
49994
5269
56645
34503
18809
15664
26275
12489
58118
15259
42549
47239
7840
44068
29130
6423
23822
27239
48942
58304
20775
58357
17165
41635
18242
59990
57772
11928
51285
4961
11731
769
56163
56822
52704
29878
30237
64276
26796
40188
16940
20220
4606
30629
8668
16774
12740
50943
19465
57646
42159
9052
12510
47327
32152
18605
30631
63372
56192
35719
7596
8780
9979
30203
41296
32393
61719
413
29925
51438
36490
41383
21255
35978
21499
31784
35225
24805
48870
32129
31922
8596
45545
50605
22561
28899
18014
1605
46853
28624
35588
56415
32361
52343
26940
25056
22506
22539
6390
27216
54341
55135
15249
46102
34201
44783
45622
48170
48461
6356
60094
40926
7789
14978
64046
2721
35389
16066
60938
14234
24338
39541
41793
8245
31268
64979
36444
34915
50988
44308
41391
35594
39643
18551
31553
30898
30696
42897
39590
54888
56827
51776
47632
59214
33322
5512
46698
19016
666
7307
5464
60688
54704
55604
63065
5381
5851
40980
9236
21122
50438
54720
21971
20730
62774
4311
15038
6726
57840
44325
14582
7469
45216
30610
4707
18207
51300
608
18381
60300
46611
12063
5700
40895
20862
40110
43570
39477
1727
56662
54709
47562
52842
63903
5632
5998
14237
19365
278
16210
42052
36915
11915
36503
11894
57596
28211
30029
22360
6003
22838
7754
40717
28761
7931
39363
40095
26674
50100
38355
10675
27109
2160
45713
40405
15736
56162
313
2639
65223
44137
21562
24580
38730
8383
5980
6793
41511
13949
49257
48565
40269
16130
31709
44460
33296
14263
29941
10589
44703
54269
21180
45137
19196
46559
43303
55526
31803
63683
3926
34953
57322
43320
63724
9283
55587
33206
57340
18359
7606
61350
3040
39923
63432
63527
47185
27315
10232
12609
10524
4254
55932
41790
65388
1159
58833
32977
32253
26293
48475
23711
11245
62949
5061
32040
31634
14503
62929
37687
38257
45145
58666
36238
55110
51230
30667
42492
26227
36414
26388
3653
3608
60881
10894
58076
26248
15443
41133
21622
31657
61784
33856
18112
29935
57861
20636
9677
58906
15415
9534
36698
31129
60812
51079
9340
39760
2954
49621
34510
9122
29589
22677
45210
33117
2295
8700
4271
24594
7368
27349
25369
40897
8947
59781
45091
41416
16234
2351
47262
15620
24926
57211
54543
37278
3978
6174
2765
44286
17824
23648
8395
61281
24092
13540
64033
52518
24149
50002
33580
23542
20540
37286
10072
44485
64293
55992
2961
1189
50911
31572
15639
16129
21805
64161
10104
53889
6757
40531
62232
9506
17786
5154
58955
22818
26091
47567
8605
23414
59522
22083
1273
19533
1360
18621
25741
64771
4966
28972
36979
51881
25890
17468
8671
32935
48519
47067
55835
26954
52529
25681
49467
7612
40824
54362
25690
39754
21048
41864
59645
62064
17259
1263
56348
7995
55125
61833
8945
63731
8046
21104
38401
3487
2248
30116
61741
775
20032
27390
35128
45220
34345
50451
31981
24854
38577
61904
64641
58202
25959
7827
6847
47023
23007
3101
11636
20632
15788
61129
56908
54843
47094
39988
8557
29453
23871
7462
26873
62761
25467
7001
43927
14347
24554
60248
13431
42599
12915
58162
62216
50180
22445
30255
15786
13638
14808
4124
26529
40278
22490
35904
18329
34327
59503
35977
5061
41370
52621
17694
6156
18154
47476
34397
22264
41604
30849
32083
47427
54758
15885
3308
38252
887
38060
37985
27523
55204
20159
13260
56226
2024
6535
31473
13794
52754
49061
16114
24968
25303
62225
39420
47449
42811
50000
45318
14744
36933
25082
44489
12718
44419
2616
27362
29931
19486
53405
57827
18894
58436
47725
9293
51800
31173
8030
4948
19053
33028
21450
11167
58688
39454
55874
42211
36787
57036
18527
56160
22763
51039
65113
43907
21711
8096
29170
41842
16694
23849
21688
19620
39658
46187
42364
24756
48293
25176
48333
42177
39692
23062
64067
39212
37699
2339
60753
2193
24234
38894
27691
32093
43776
25661
40487
32993
64515
29591
13845
12692
13024
59577
4449
30686
42950
45117
50790
17060
17579
31836
42946
28684
62857
7970
36856
38083
20168
55682
8260
18956
3814
27923
19920
63576
62557
34903
17229
63186
32756
39385
12044
34882
64595
4454
21195
48792
8576
7759
30514
23975
43830
27173
57071
32246
21428
46538
46828
3167
34049
3173
40242
28928
24389
48816
31500
20143
7093
59584
3823
25378
18575
59912
4436
8164
7899
29733
11676
12776
47773
63830
22235
909
12769
42380
21736
4895
5160
52012
60162
1536
34629
41984
9819
44024
47792
62491
56665
15734
60743
30669
9786
28201
44174
34276
28140
13522
52440
34375
59191
38707
5804
38872
53770
32314
16633
44258
18344
48852
11421
30159
40340
43249
4176
31737
32165
38153
13433
21364
53093
22418
17080
39301
3130
63120
14830
54671
27574
62245
41525
44066
50360
5929
43746
49994
20958
26732
54849
17880
4898
26257
58019
53562
16705
2804
63085
35124
49966
61970
32172
39666
57801
30314
24585
9672
40489
62152
65069
51513
57955
62843
3177
1389
5816
22943
59638
33460
36834
42242
31418
49846
28376
44505
24856
24215
6269
54247
55817
28701
46515
23217
53124
13385
4413
40044
5282
13285
8557
8133
38036
20154
20441
35004
33965
56980
27879
30390
26849
14628
42893
28552
39238
39677
57794
61297
8853
32359
49894
28132
9828
3296
51886
46944
50336
22702
41314
47932
21670
28623
47272
38743
46260
30207
10728
26757
27113
24795
1314
25167
3697
14498
12922
35194
43778
9829
45540
23565
47259
18378
40002
57161
65378
23955
43191
58248
55598
58624
15606
56229
47030
27156
4788
45884
8981
56482
50041
50982
38143
54251
11869
2957
58302
28843
53865
33857
44424
56435
31292
43666
29830
35912
5424
14678
25783
37165
63961
61316
13587
30675
62533
54410
35542
19730
57528
52371
52099
31025
38972
63873
63401
34386
56070
17822
39911
43964
31339
4244
26942
37856
17285
51840
59024
52823
6550
28623
3483
46117
44581
56806
24651
41767
15985
31359
22865
10695
34800
47478
47656
16734
64645
64288
9003
52745
47765
38775
26167
27128
46929
17468
5285
12755
57464
45504
32131
5446
64892
15979
57970
39779
61808
61578
39607
4486
60636
36762
30383
49955
48886
40716
40516
25516
38666
12795
50074
31327
18292
15103
49945
2139
57104
62712
34364
14509
64604
56518
48325
37949
42870
7911
14578
43742
53596
26583
30233
25821
6333
9646
64498
8604
12923
64762
31990
58130
37578
15639
36802
62803
24347
60289
41191
47184
60785
9109
41093
54250
3838
54423
19854
47578
10906
40358
12204
16674
51230
20622
15378
58215
12842
10236
14672
54017
52119
59429
56835
63330
31726
42146
7741
19336
20287
38143
20514
49397
45513
13020
11980
56397
50697
50080
62071
8182
64941
3584
64055
17196
59501
51769
47773
36331
3711
22774
37847
22777
48738
2285
32659
31111
20393
61647
18882
52508
29780
37138
10613
57275
27353
47276
13745
10326
63206
34045
43130
51030
65328
6108
25284
24663
27720
17133
15502
61407
27742
2412
30927
31060
36196
25972
48006
45345
43094
65022
56912
32444
39067
16022
12653
51150
26956
47411
26297
11556
44329
33385
29806
1747
41502
50876
53017
32534
7874
18016
5423
27161
27302
21431
4671
47532
44471
10494
29034
60080
7560
44445
10237
25753
92
33558
3365
39695
36937
41749
30503
56515
57593
58931
63888
11373
63964
17945
56593
15099
6129
56151
29276
20410
46271
18612
13717
44195
767
4788
35388
31011
17908
43011
63896
22777
49033
1060
21128
25147
46463
5276
32339
47815
61240
25264
21387
49609
60601
30434
14322
62522
47331
2921
33341
38337
26928
46747
35669
22566
33954
42012
55637
15110
49057
51742
59281
62321
13342
55197
36508
65233
18272
52876
20906
62404
32844
59721
46724
28041
11941
13108
33259
18834
8147
10715
47641
32841
3121
41442
53181
16754
4982
26193
48462
54830
38102
4886
3094
26775
39214
758
7224
10398
5489
47135
22751
14609
62873
60229
3592
55576
23773
64144
27189
34476
306
41344
2336
43632
11359
46161
4218
56281
58053
23707
13843
24595
11667
532
62156
4876
55660
9176
49062
8339
14711
50077
14264
14220
8801
58313
63140
55048
27111
47214
35833
600
48470
37889
24776
61126
25701
10001
31703
21811
10740
54592
2481
29769
5031
23278
13482
33429
16402
57754
44338
46182
13713
28319
3058
29665
43750
34254
31566
41266
9122
37126
28846
21871
42244
2481
16961
53913
884
51455
2106
20634
12650
14176
9662
27488
52079
23792
34933
8372
62789
29128
35287
44682
24755
62919
49195
37319
39087
20233
28393
38308
37624
54216
26929
10070
9191
56734
42672
30803
50666
56464
3551
25436
10148
16510
20646
40134
8125
30173
6713
31988
40225
21770
48863
30288
40717
40430
52171
29625
12524
21744
64046
4566
8085
25488
1705
37134
11797
46802
37205
29077
25188
4473
48348
36921
56653
45004
10953
37463
4614
41747
6877
11155
34513
59930
41514
64423
64945
26865
28081
17698
46000
64359
47274
26889
64132
58707
55370
26746
59853
45430
62920
32597
10833
56
52476
56339
41497
42012
49118
65062
32859
19262
39775
39107
14171
13865
59708
8654
58881
21441
34231
13962
64337
39859
30282
36035
57365
55262
18591
36295
29341
46454
28900
15774
7333
17821
33042
57874
29079
50127
34194
65491
49015
12498
52777
3534
47604
26920
42337
28335
39549
38479
26658
18642
26475
42491
32910
46534
33631
3147
45891
55803
15416
1216
52394
39085
56980
63469
21508
17472
1428
9546
32417
59228
34358
59344
58066
17041
49894
64003
1089
61691
51763
16998
51551
58592
32737
13880
57026
38847
65292
42671
30317
4171
48792
42799
36812
45457
55413
39553
15191
1990
19943
36437
34373
28143
38050
11688
53807
43524
28134
56209
58336
38058
17867
30805
11789
53601
625
11639
25748
901
59612
15911
7860
45535
7842
12460
7533
17491
22447
2976
27823
37837
20174
64963
21223
32024
39221
32210
32481
31402
26659
32056
6742
13327
34469
63375
6567
31977
49625
44750
29427
47472
43813
41893
25971
58800
4555
57153
49776
26710
25048
7677
188
56625
999
4708
39776
14009
823
21068
51326
15524
1588
22354
32628
41695
783
35114
5100
23960
13686
37497
17841
10690
50698
22033
30562
46013
43224
4447
10202
54543
40904
39471
53811
13119
47813
29215
15834
63874
43029
52578
54976
53300
60681
21297
47688
56486
15172
49234
37459
20352
8163
9090
2065
6627
5185
55691
15966
48752
27565
1528
355
38269
59596
23232
54933
44667
29285
8047
58065
2492
61212
42917
11898
25457
24930
50037
28237
1425
14482
1068
54679
54367
28835
1454
30524
60324
32042
56759
56058
48359
45336
11548
55667
48954
17642
49261
44405
45554
11752
30956
26141
61615
44255
57310
8861
9957
49992
9175
21976
61712
44213
3378
10396
65397
5174
62675
39190
30967
17357
2510
39511
63628
9241
12605
50196
30599
21341
41231
61460
9956
4620
61979
48282
12294
44834
28567
29503
50045
44095
45831
64579
52292
34948
58958
22206
7738
36084
154
30703
33780
53820
42618
38989
15784
56446
55046
17502
31646
24751
24903
31
5341
13504
57728
12366
4661
19478
45963
10238
39772
21099
21680
43601
51957
7650
46176
38485
10308
14051
27473
64240
23005
48438
51726
12160
19673
49888
6760
16122
38655
27556
26657
33757
57830
56229
59195
21065
32076
20941
64820
321
28312
15629
38392
59822
64250
40295
63628
47100
1380
16743
34008
65025
56370
49085
7901
187
50588
36486
56177
24730
7040
13881
55747
25224
26645
49723
23417
56067
32119
53566
48662
2414
50346
23752
253
2014
446
52253
29579
62870
27922
34705
30219
48597
16059
7548
48961
31805
7880
33618
58009
5343
11920
23282
38696
7866
29468
40253
18063
15422
16118
32820
41959
1747
30016
62505
12369
27965
49997
26963
17404
25721
32757
53671
25809
48924
49223
7428
44291
11366
44441
29669
15102
16784
39286
23604
62200
49400
37138
885
56519
64819
3274
18401
61822
62051
991
10510
39766
42162
16506
36678
3072
26405
62204
34056
54489
33346
54766
30980
8980
50505
45600
64113
42539
62961
55975
31386
4372
430
3008
25707
5023
53346
56462
19467
41332
65196
13713
65121
14513
38025
51291
41397
5750
33451
5742
3558
15627
28585
60357
4346
49775
37710
52223
42686
22037
4121
51599
49807
31340
477
31542
60483
980
54647
5565
60796
15061
36196
33092
61670
63001
36779
64007
47448
19420
24778
58064
38076
18564
23108
39405
18110
26507
59831
24898
1747
17377
46467
54042
53286
64186
47690
46724
19141
37257
42906
49517
27559
29252
49680
22067
9259
9900
60467
1361
60557
50902
18392
18439
33008
1592
50378
52791
37902
3663
28785
34990
45188
421
49740
64090
42597
36350
65181
37461
3341
47409
62728
33656
46439
22372
49260
25958
27598
18216
16149
41592
5266
15848
3130
26365
59744
17819
29356
26618
11293
7035
45754
54950
10373
36527
59929
61413
29975
29524
29237
46170
35741
52860
12067
38208
17145
38343
25750
11733
44532
45493
5451
55982
50784
56288
57399
22530
42567
14698
3960
8655
47034
57225
29594
4630
43101
37512
43945
41894
36172
57366
54199
19657
52523
62052
11149
25236
44959
2576
61831
49616
22832
7340
10717
9101
24273
24390
46268
37801
6922
58888
1555
10709
10022
20292
59245
8042
46170
49222
45796
29861
5165
63279
20570
30730
3429
54085
52183
26155
5306
18192
2162
61382
1814
7378
9036
36776
25646
25335
55352
2041
57984
2196
55040
5097
48606
27870
15998
25214
16390
23385
49314
23338
26754
19299
40802
15468
56832
30432
18337
52427
32739
18075
21334
61075
12471
23888
59100
47507
59919
14040
59040
63775
21885
16803
6774
20460
28486
44244
14547
14687
53516
55262
63731
5183
25309
9317
19676
46356
11678
26722
21703
8645
36362
31133
41911
28223
45550
52121
52930
21380
10729
31506
57839
17968
62028
24760
49235
14420
21209
24542
44881
24810
53771
36194
43342
13498
58281
48831
54152
16710
6846
7643
48715
8657
47221
59612
38345
5107
29621
12371
9666
6854
62236
21537
8245
34323
54284
52645
45173
50225
11382
53466
39542
36032
4751
48147
1389
4932
30680
55309
13823
27960
51967
54264
8892
62545
36982
22005
8085
4162
34868
55658
21290
12848
4387
7007
29665
58616
46417
65264
10314
57691
6218
61382
61543
9937
40322
6934
25723
48421
40519
33878
61205
1086
28631
51756
51121
48446
9344
25013
38829
52967
31082
30404
15552
48311
58422
51345
24869
37295
56730
45191
15614
19529
29998
35131
22576
50964
4592
18010
37510
16340
55583
17447
28057
13619
22025
4675
17745
50524
23605
21210
8826
50176
38235
15185
42879
10019
60405
46554
41492
1624
63974
45248
20818
16617
16004
65465
19239
29370
14445
41145
6614
34157
50684
47731
45319
41946
18641
32845
60378
47323
39449
40796
36737
53971
17559
61382
39948
60603
29111
9835
45169
18402
2089
19862
62522
47393
16689
13394
5621
57492
28260
2718
37589
54676
10955
44069
45738
34500
62390
4737
63618
57810
14977
56126
43137
42313
44495
49782
20869
54571
59790
39786
50884
42105
8223
55381
12163
42781
56723
63423
26269
31729
49740
18457
38663
44388
46143
59959
42997
29357
19793
45010
31430
63126
11589
41408
31619
22941
8869
24406
53025
62639
4232
63603
49505
46894
31221
1967
55533
43331
17705
52559
55943
49297
60846
55062
41747
62585
64611
49930
43469
52004
21196
47609
48216
64397
4943
41959
1823
17761
6111
50136
49285
27566
46942
43304
27837
3489
54575
50885
98
21
42709
36553
39546
45438
10580
45394
18863
42638
23894
60488
53144
4153
42900
34871
10357
44256
31832
63983
50956
28748
65389
64886
25305
25379
58022
21280
60336
28170
22960
59508
11609
30468
14173
16410
30392
2138
12092
64040
1280
11711
43873
57858
656
51140
9328
36423
5703
45177
24005
28307
43750
30479
57456
13054
64385
28140
12414
42831
8081
13553
27132
33791
15319
36415
8672
58833
34068
25784
38652
64595
56577
54915
65460
41335
32695
31399
49935
19799
28413
58981
62650
61498
39136
47120
61363
7758
17272
4422
36756
36757
39901
5064
9760
10463
43136
39482
57864
55215
24406
4174
10376
28578
23779
16712
37438
49099
65292
47393
24097
1454
44583
51570
2021
48841
23660
43313
40319
51054
60336
22038
12428
57055
54030
2818
13525
4700
8160
16974
36600
28653
14972
52562
856
11321
2665
12022
32374
43474
39694
62427
21479
10270
37145
43128
40068
44755
33069
15958
27597
32164
42084
40565
11796
31021
13084
37556
2859
36986
43931
12098
55333
45347
4791
27350
24888
37039
39976
12019
35032
5082
43692
58786
58231
35192
4716
16649
56099
32031
27724
12060
31438
33079
48378
61990
31850
3974
1652
5605
19740
18156
3509
1860
7164
28022
45658
16001
6598
55119
3047
34395
12692
6376
60000
17906
22353
14750
242
6479
60994
22372
42897
35919
52019
52423
12810
25804
9855
53897
23832
41438
29741
4279
35325
19269
29416
8522
63854
29815
20150
43073
34918
31120
16226
60368
64890
9516
37896
62110
8290
15854
46539
21523
65404
48779
29179
24109
51652
37759
56119
61196
17616
60775
54762
4898
38774
26023
60413
8667
43236
14288
33050
725
53266
3911
60381
65504
55618
4364
10123
49044
55402
19504
64147
51395
28442
34593
26438
40767
4575
43096
26806
51381
8737
40068
63120
58058
26607
32177
44410
29669
59336
37624
35825
52463
23999
51282
51536
25473
19123
22037
37172
59677
10538
6096
32541
36437
61710
33602
19174
56919
32092
40663
18838
2195
56588
44810
19014
15643
4098
38667
46651
24110
2862
45690
22394
20711
36911
59958
31763
23870
18187
44738
53345
17375
63367
33071
16667
4924
35701
2171
41861
43566
17493
46088
15533
53600
21914
17127
16999
48284
18465
37449
20585
52756
26059
64535
12880
13587
8335
13370
43770
43139
11063
30861
19579
12331
17742
34451
40682
52134
10574
21858
18716
17909
33269
3931
51121
6928
15421
43133
43970
1877
64477
38941
46456
63027
59623
30415
22926
8513
60024
61587
16835
62751
32327
57265
12776
3759
51192
53165
15430
56928
13661
1099
1869
62345
35815
11193
58218
61550
3122
37741
12462
12731
44197
34256
18120
18901
6811
14201
56238
44815
5716
40736
50580
54410
53636
44453
13895
41944
62469
52663
4913
7416
314
46314
20530
10337
37906
12273
14308
32606
14185
9696
41975
57315
3276
28866
9645
27826
44326
57009
27076
5003
56872
39885
35947
61727
41462
11165
20122
24200
46369
42473
59511
26357
19625
33168
11270
24503
23795
30657
57659
31657
17243
4970
17010
13881
11909
3185
22658
63426
23820
48178
19826
32590
51599
17428
46373
31452
55338
32233
10911
53170
28181
29957
13566
61543
63861
51833
16764
13165
38004
57587
43914
26531
61595
57720
55952
5385
35353
17223
38443
21825
47668
8941
35585
17596
35342
45627
24869
23523
8101
60686
60409
45963
6722
21778
29705
37490
28865
31671
28729
28656
59564
28521
44038
62598
56205
27620
47691
63196
52070
31468
46911
4225
11372
64682
24080
33787
21469
26561
55902
6788
61781
12979
47517
42664
60837
35810
45378
22319
59002
25603
33796
17613
45042
29859
1910
51884
38597
32970
17341
53189
15919
61329
62916
2924
63476
65352
36285
51569
51090
63482
33575
58424
48726
64178
20496
7493
42075
46941
25221
12536
57433
8540
34421
4429
4126
47974
45
39375
23242
39005
36066
8372
10062
36804
48401
21087
55956
57519
18064
44340
20251
45580
53209
1771
56109
51378
26353
1828
15855
58431
9130
24379
53240
47633
53927
10973
48218
4524
9854
30911
7785
8223
8461
56868
46692
32542
10754
42571
33396
21083
54663
35957
22431
21744
20706
40865
39454
62205
17134
40923
25980
49459
42852
29115
12835
5874
5607
40089
48355
4548
58270
61099
54106
41290
11590
60256
45049
53741
10381
33050
62322
63536
64575
28493
10111
60813
42192
39958
55997
46377
22246
5449
51196
63990
30183
47860
7382
56720
17873
30734
7950
41270
60550
12776
44794
44890
50318
27338
11971
53801
17859
9595
22298
43913
7775
36856
4862
26790
7900
14365
16644
7271
12631
25989
34374
32501
52582
49224
35894
16892
34971
5657
39452
587
24160
15404
9009
26829
34666
18589
48915
14490
49516
15083
16698
40139
23202
59242
711
8660
42382
23226
58071
23327
48941
39413
44345
57941
5757
48186
34995
7724
32943
35878
63055
35773
60020
35071
16962
22102
29619
19796
50681
20391
11171
10307
40071
50482
28735
19581
2155
15579
37532
33907
43421
49655
56838
5832
58040
23152
62941
13898
34932
6982
60100
28474
56892
9663
57856
27302
43547
1552
49998
54459
10243
58077
50009
47027
29705
21168
46879
20869
62147
22425
15308
20752
8435
5019
1431
19323
2828
19609
31272
6437
2950
34981
24166
52408
54644
35903
1301
1031
23881
19960
5686
45722
22286
54953
64532
1919
14282
34459
1939
9063
28596
25606
20917
7001
36509
60953
41511
64152
14185
22002
21871
18957
4951
51952
5761
20930
58847
8175
39960
57921
17028
37916
42057
14544
20131
17107
17369
35578
18357
21993
9090
64938
54242
62178
12098
11515
2372
9373
60629
27541
32173
42027
56846
14370
16518
828
36752
17034
8300
15927
23741
48282
33917
62791
3150
3833
62764
9109
33108
38469
31527
4783
59611
61727
21925
10449
34040
2696
40391
9464
30912
38686
30652
18705
28106
55266
31961
49363
43465
25265
60404
11509
14100
46903
22255
3752
58848
45340
6942
56899
44923
45994
8367
40116
38208
17697
49709
34399
33549
42269
44503
50885
53357
16105
28140
3339
7730
56010
60740
62184
19729
58485
61920
54385
13128
1327
45645
23833
37724
10318
34921
60918
9756
44055
9727
36937
29230
53344
1825
47847
4910
56689
6779
19598
32121
56998
4681
42331
7990
51278
52789
8046
51492
32310
3649
15955
61817
36938
59554
31433
61825
3868
10307
45143
36542
27454
18192
10066
10303
36940
34382
24701
2581
28511
52582
18264
17481
60490
40667
598
37941
28811
11065
23065
53847
57216
51521
50646
40681
25249
18701
50810
28767
14946
38890
38809
56345
50186
41174
36829
29574
39741
56502
59949
62927
1091
15097
56460
50271
47127
20444
50054
15
23422
51769
5557
33336
20289
27590
41179
10371
61544
23878
43211
26526
32365
12156
16376
33935
24131
37100
63555
32574
8525
48237
42577
64779
33654
41841
48784
62757
34212
29895
48967
33048
25470
41621
35631
27478
37407
54859
47140
27493
38704
28214
51487
56684
26986
29212
27728
5829
32066
43633
34020
49593
5202
47457
27510
27425
16249
38227
1897
22148
5429
42818
52193
44949
53722
32065
906
33710
9061
55332
15955
36338
47130
38448
28730
18547
62387
21863
25848
62517
9431
51387
20947
18906
24784
44391
11248
62567
51398
63434
29942
8294
65233
24722
35186
14962
29637
29637
30540
51204
18809
50658
32335
26035
55810
43072
4033
31277
14849
39954
59098
33079
63901
12007
10542
47248
17886
48466
57516
36424
35173
31347
27897
30344
63215
30955
52769
57728
64551
25176
345
8642
6233
58958
46481
35605
60168
25452
2381
8691
14372
65473
5647
15860
49914
43247
64009
25264
16664
18070
45874
40843
48252
37480
11315
55764
11238
61192
53049
39597
56973
4714
12025
23295
12131
15453
45707
61628
8083
60561
43657
10377
6737
6906
59299
1264
36362
13103
27033
50707
58469
65503
15437
33020
2143
25081
46212
14120
22197
775
37400
41110
53865
63326
4458
19843
53662
442
24760
12398
63379
14179
43027
59861
44713
43838
11637
19181
45341
10699
8457
4517
37921
12495
46571
57023
19941
56790
6177
44032
57108
12567
61675
30834
31830
2049
50617
61031
8014
63928
18426
52875
2570
55908
20636
53984
38857
19349
25018
24731
53643
64387
302
64959
57194
43719
1569
26174
10955
50701
10412
30106
3064
63770
7786
14450
43725
8021
11038
43023
15463
28375
34180
46363
29369
54530
4826
35193
21410
9345
52943
16823
21187
11906
53005
53572
55256
19747
33070
36921
58118
42269
3812
48572
64175
14413
27302
46388
55630
8048
13652
36962
54876
14416
57172
31769
64081
40226
60102
47575
31760
14718
57204
10155
37354
29513
12868
38662
46072
584
12592
13586
1526
60870
44665
24910
31860
55040
50905
41045
45105
55621
59908
32904
42948
33049
64914
49006
53367
2173
12787
13909
27165
12217
48360
37015
49047
30097
65404
11920
9411
14016
64694
8955
53462
38146
10242
1154
29389
17383
64859
22483
28617
43974
56721
1106
17447
54951
44995
3981
14562
55991
59394
10213
34348
12944
49536
6629
31909
45897
33183
52144
8346
24798
15258
54822
52777
1395
42113
29421
10490
3835
48077
24690
63216
58281
2430
7177
23866
58065
48005
7328
23463
8469
50994
34048
22030
44861
62265
34332
49275
45708
32830
45669
62933
36010
60707
40764
58836
28062
55015
48371
11732
9976
7099
35752
55812
10573
37996
33820
12101
61326
16815
55252
64553
63210
12549
47507
30399
38051
60498
63755
53926
5524
41350
51182
53127
45182
40043
39594
30398
63483
36507
35052
32025
32787
51710
59219
2849
56778
16921
20952
23314
40141
15480
46741
32133
39918
18104
51027
24133
29935
35705
40632
49631
24937
42893
47938
34082
56911
41393
18369
63880
51942
22929
26703
37556
35473
693
50808
64727
33582
58906
2686
56690
31197
12909
12781
23461
11351
48769
29713
23355
24450
50216
60581
22851
44198
51474
52751
7750
3824
62806
13659
8861
56921
26625
50340
5416
53357
57900
11019
8243
46421
49562
10623
18021
29638
7285
36319
17252
52903
44146
22465
44175
14465
40575
49113
42888
22123
8559
27283
53942
21558
14924
37011
44261
45683
2565
1139
2827
60458
54785
1210
38749
25804
10945
64901
56022
59758
52830
40040
48898
47120
15120
19845
2299
13522
32877
56814
35439
46278
21259
64245
39810
36738
43054
47967
49856
37807
10386
29446
61911
33860
62738
9284
31701
18664
27011
44309
5354
30597
24371
31767
35592
62215
36018
12236
48609
45158
38591
62482
35900
61007
4128
42216
24755
54279
44861
54594
52833
49347
64830
16556
29394
14219
50044
36608
8674
24782
46278
7399
59567
5357
32499
11384
5993
31471
62075
10319
47784
58531
7801
25553
17697
61523
49189
14307
24989
10114
30926
50921
8089
3720
21998
35823
58054
62943
3750
4641
16856
55368
10695
49388
28441
33100
25647
46878
46740
47153
8266
52196
48938
62604
15701
9667
34306
11601
20372
59491
44039
18137
48133
51867
58077
26169
2597
23364
25251
30481
39136
3850
49976
15755
59020
14626
2739
20567
62538
7779
6203
35032
22011
62993
30171
32569
38463
47502
36061
48421
5067
65174
27299
21980
27782
24364
2305
52241
43701
32262
46538
7600
39718
5869
5909
14333
13519
8822
37649
45329
16023
5935
58651
16939
20720
16718
18185
23989
60963
64292
42625
34778
25213
29978
52167
17049
61575
19800
48794
12412
12120
8727
34884
31322
5019
38429
59372
2516
34101
24338
58946
24073
46063
28016
39794
61883
62492
12708
34143
955
24155
28410
44948
51491
8180
51157
45479
3456
24544
17183
65276
56744
29877
14923
11264
2574
1158
54003
6746
11441
24170
44547
15829
26822
43498
10572
52781
64684
41631
4457
32852
56592
61865
50319
57770
53657
40337
8483
25264
12887
62825
39330
56684
24097
61181
12419
63986
21142
5982
38945
32351
9255
28452
22925
16158
21327
53097
49016
44370
11949
13399
30199
59300
22289
40017
38002
13508
47372
54172
46164
29732
12527
16647
22700
6843
37554
40819
55700
31519
28285
48445
23729
61287
50483
30625
51804
52712
12413
36524
25015
48629
39185
35027
55912
15582
3172
40977
33148
50096
51997
9911
28857
36237
675
4144
43724
26782
40810
3960
55339
34913
12705
2648
38267
35325
65166
23456
58135
35423
22786
14469
35985
32971
43144
47568
40360
8205
28295
4450
10224
64952
21090
47678
46223
7473
30540
6213
58872
31778
10930
43286
14645
8754
47530
27630
46678
38223
64823
54329
62034
10080
30726
28268
1127
13978
50882
8502
9463
6887
35142
63131
13991
33251
49228
56885
58133
21858
1219
7296
198
38493
22343
25402
56385
55551
17236
13822
44674
26485
9727
38225
43217
16348
42732
61816
41006
28682
7354
46642
26406
55850
13112
39617
45254
37271
64125
27931
14698
36516
35248
2363
8192
1238
23128
34400
45312
47183
23556
38782
54835
58529
21274
20642
19267
47213
22753
59349
13590
52333
55384
529
49477
46681
10717
38860
60460
49921
45594
39241
56234
35563
50754
637
44407
58518
32024
53937
1186
6108
56803
7253
21063
48408
28638
29745
17322
2004
35063
11141
23923
58952
6354
25180
14396
22705
50939
50782
11529
35499
39892
31116
60554
34413
26751
58149
63978
5746
30889
1919
50969
59743
62215
47894
47984
10171
28223
62353
34194
35628
3377
28177
59983
61442
60853
14544
62488
35729
62554
19761
30365
49591
16160
4949
53126
24104
3941
9400
3183
45716
57062
31485
19313
29552
39719
28629
28036
54408
15918
1415
23576
21948
63994
38118
53210
10692
51575
21516
21143
25723
35924
18804
29406
49364
40494
19403
6798
32712
42760
24961
27543
24528
62020
37427
45865
59980
5056
37193
27227
42836
3108
43151
22356
35972
17132
26
22384
65433
20500
11024
5105
14840
55062
43867
39052
2814
25494
59855
7534
51753
5648
29049
13016
13491
50243
45173
51178
8189
17351
47333
43936
32564
43832
38184
52391
50587
10831
29885
39291
20250
19268
7104
1375
43908
24202
33844
35206
56999
48420
40717
9841
64166
56851
43640
25850
30482
64903
5847
6843
35093
33793
39780
54705
57741
20605
713
5472
21120
28642
28875
29696
8398
16688
43934
47301
9377
38226
53363
37316
28233
53129
61521
48069
48576
931
40312
28642
46615
28375
57821
39916
17430
13290
43593
15763
54484
31800
18526
58435
65320
34683
43061
51104
63557
25108
20665
26370
64591
36569
19632
65054
2495
17074
33237
29376
16297
49478
62244
5828
37410
45595
4477
1057
36161
39865
46952
12951
60676
59606
18123
3778
12818
36998
22941
5997
30071
8401
59818
48447
51259
20618
43678
28811
64732
58972
39152
5960
5940
12414
18452
10885
30549
47172
12943
64696
58070
45842
64075
63335
31867
43892
8492
33370
15196
45765
44507
54130
53999
57178
32410
29914
11495
51836
43999
52038
32644
53438
56205
57021
38654
46489
3300
16874
50556
25919
6349
33012
48510
7231
26485
30035
26603
28959
27988
47215
53816
2754
62427
50441
51213
46354
30521
11378
869
62266
46753
23677
62766
57631
20482
65382
25882
28667
38238
14756
30944
57310
43727
10979
31373
21438
54238
18713
40280
37891
38554
24608
30895
26963
60492
44530
56722
9398
56323
44272
23094
53963
34552
19984
39525
49488
3979
13355
33846
27904
63647
29688
50500
46357
44200
871
61198
24345
39470
1574
56889
13085
47187
46732
61987
29388
4367
4293
58962
55878
26127
52270
60687
52297
15234
2543
21096
61471
51437
44377
37487
16492
60292
39075
39355
62511
53912
13962
32344
50432
96
17630
58648
63226
51396
18632
9502
53821
44002
40234
50484
11065
31284
16930
20911
11768
1557
33163
37293
36241
26009
45464
52591
8822
11020
15315
28343
880
3352
36739
42377
15445
33241
4871
43860
57123
53511
25336
35726
47079
60669
27514
17054
53041
40119
62935
13708
21775
33925
59798
28454
4963
18476
36569
8219
61430
4998
31570
61947
29981
14931
4439
35048
49601
12365
52677
800
5272
51860
6692
58275
37779
32871
51334
30856
717
62956
19939
57695
44615
51777
59549
43984
16614
40350
28959
27854
29728
4746
10562
14039
63341
62805
59706
37609
1352
35137
6339
24818
37658
65204
21392
43348
49124
6897
15983
34260
562
57513
47401
58494
22456
28819
53811
11590
35156
52604
62454
17035
40897
9474
24214
30946
42698
39364
48452
33970
26380
58277
44462
60543
11225
36635
6440
41778
24989
39366
61625
51187
39579
2450
5984
3621
40818
51030
37620
29756
11747
39082
39265
11397
57135
22450
60321
43374
46099
55508
13318
60329
30396
32412
4497
33402
25881
63702
26035
9150
19868
27774
43138
39867
25320
11624
31376
39187
910
49802
29326
10583
12119
18422
12045
11472
10446
22707
55595
37673
7160
29836
31747
35668
57037
36674
41577
2855
30436
7089
40589
23791
54379
49027
49543
29573
55031
18198
61723
29153
25410
56247
21962
63082
21547
38351
985
39220
41270
56788
58097
29510
20412
26309
56396
3843
38664
23356
33415
53719
30557
46041
8797
37813
1853
36231
33510
63577
29752
15369
38988
19958
17265
32446
27015
4787
18001
25404
29419
34365
38052
3944
6628
61241
3618
63200
38735
43091
5049
63755
16170
32354
5822
62101
32104
3060
14207
58616
23654
46015
50137
52911
62621
1024
35763
19571
26892
13781
1295
27228
8214
16334
37645
48606
55720
34305
35502
32035
29004
7172
36798
39814
41656
48036
13374
15920
65448
41588
13331
65202
16833
42281
22167
40040
63384
49176
6922
14673
23518
3825
19176
60920
10623
33216
29005
38107
59574
35522
1854
13090
13833
24479
64575
4049
43213
8430
54449
54306
26264
36685
30514
1423
26745
31225
47994
40625
30554
8103
19560
43145
55339
58747
45261
35899
25080
32575
36920
36235
7049
45893
57213
57693
35893
47375
8753
4724
25199
51520
43590
25409
345
52856
26820
47851
33471
1371
3615
15759
47444
58166
19240
41757
6191
29075
54802
35751
37368
56856
10790
55359
38447
4258
645
32310
14598
23809
20995
5223
62522
43752
444
757
61901
41135
24144
33322
56850
35972
43805
45530
8679
38768
5222
16917
20637
25318
57017
61850
3207
15544
42673
41812
38072
54840
3380
17411
43743
40241
48063
22051
50272
48492
10780
10003
38618
12805
1578
47646
8807
25256
41592
55331
55685
13649
40478
15778
21305
36491
14916
61620
31971
12031
19585
62740
57672
45747
21107
31474
47792
7372
25553
4543
15855
10988
35818
51865
625
50423
34296
16124
36172
1594
57018
7920
25411
23157
8039
14389
44811
62943
1036
15366
31224
20481
27686
36840
62211
49997
5268
30185
9554
366
64476
42636
50505
3626
51119
13439
16416
42011
19458
15556
65155
36941
61007
61931
22301
28454
54686
12901
32080
32181
31199
52251
10402
26891
58445
51369
19255
51624
5447
39342
16638
31013
40990
4411
27735
57519
19298
4749
21252
64903
13630
30290
14496
28291
52446
60762
55327
49909
65305
13489
56059
51612
1328
16925
3019
49856
8502
19792
22969
14902
51398
47448
7812
59104
5963
37511
32074
11365
46858
11443
25953
22095
8267
8989
17395
16464
14874
14837
28015
49839
51396
33027
55542
24295
51005
44072
11648
1883
51035
1379
60518
45699
22137
56365
39271
43866
53330
47522
6201
46152
2067
55075
9358
24549
42648
10219
20887
52406
6942
9767
34464
40259
48021
53747
45725
20158
29838
595
62704
20566
1641
53485
19459
49011
62695
33794
35929
13677
19950
44115
58118
33412
56450
6841
10638
16679
1807
55846
17489
41161
13429
59568
38092
35249
9492
52205
21804
25728
51694
52137
62091
45029
23966
38700
5321
26732
65113
18669
41352
19850
48316
18286
4364
63071
40249
43223
41022
64001
59730
48932
895
3759
16866
3827
34840
65289
30936
29836
32157
28395
15880
49148
55478
29509
50170
11693
15386
9553
49663
27921
52090
48782
7122
25874
42593
50307
51659
44421
15961
42720
1221
2910
16728
29089
56288
20921
33553
11832
58523
41022
31801
18508
40217
17917
23176
36802
1586
36583
19519
45584
32142
57877
14077
8363
29910
51195
24299
63168
30244
43274
64582
46192
48474
63967
51238
7175
388
13583
6451
34792
42231
31897
14008
44195
58723
47437
8711
14133
1253
62649
14736
42662
25669
1893
25003
38489
51790
17226
8344
33955
776
18545
8950
7447
3760
24437
48228
50729
14651
6146
51949
13522
28954
4915
186
40033
63017
38735
20254
22339
30228
48049
32997
48072
38754
35305
54312
22317
7943
3338
31044
22176
58279
1549
28815
43752
64595
50171
21933
5736
60299
41112
7618
58737
790
20720
35860
26978
9414
10015
60833
28620
29151
3651
29635
61793
40214
37834
62568
40622
26244
2095
23723
16432
9744
40038
14920
50264
38506
56937
27504
18385
10355
30045
34491
51311
4182
3329
43255
45535
24511
29113
38334
12021
4408
57604
22310
33470
25953
6188
61899
61256
30274
45242
31173
144
11239
24970
29736
24771
17059
33755
24451
11919
8838
34972
53028
55092
33766
57234
43672
54294
23846
28085
37503
7421
4003
24289
52707
60129
61327
57389
44720
61589
21966
34793
34043
35732
60003
28669
30186
9019
32982
26075
59217
15907
19541
51788
22047
38608
37391
41506
34385
38893
28860
30537
36725
26230
47542
44938
44853
36391
56997
25218
7165
5496
45343
9007
1524
60396
47548
42995
63392
8065
23682
57605
43098
7100
65356
61231
42784
46124
46562
25092
44543
43807
41178
22015
19875
25779
13206
53411
31105
48391
56419
6897
8086
27865
28259
53518
51734
21559
49326
32373
61960
50935
43879
34025
581
44163
267
27141
28812
21925
14688
5099
64680
38650
3708
60694
18467
50798
47740
47636
41436
53840
9469
6906
57259
18167
22993
45273
372
52852
43273
25752
40784
9060
61617
1799
21759
50974
45541
9714
15561
54197
27455
49516
9581
65439
11893
44490
39065
58038
34471
53269
39505
2036
62244
45875
57442
60702
7986
4935
8524
37307
39663
56978
7215
2648
10735
36848
14684
23107
36441
65293
50753
21111
33891
29727
5896
15610
57372
40890
10097
49946
32484
17816
50557
37258
17529
49065
63322
25486
57977
46803
11430
2108
65215
6346
38286
40714
10032
18026
24746
27703
35493
21432
49788
22570
12250
13618
25827
13842
63061
42779
6858
41211
64128
39856
34771
40779
55361
34379
31354
64309
63422
34070
32598
1275
49698
38296
63029
63670
14300
17388
25025
31821
45979
1447
58657
46026
46620
44914
33633
52229
4515
13304
31391
24321
2023
58899
13751
10544
25861
22375
7949
21010
57341
34403
61808
42920
43189
16823
18572
45223
24024
23062
49392
5841
32631
40635
39146
24087
14836
38806
61728
29059
57215
24801
23353
20588
62336
30264
15696
23168
55484
26825
43930
45618
17759
48920
35726
51096
9643
37639
59088
43122
64297
59562
18424
6922
19708
30337
8203
46362
45219
37412
6782
35762
41217
44643
16220
21509
11733
777
15975
51867
18301
51497
6033
28844
57372
49971
50315
29131
47829
3693
61981
53072
46271
36219
48700
24975
5703
26987
50247
9967
44285
57879
37625
44267
35975
61360
26598
18751
52722
46092
48740
12726
5090
17375
42021
23223
21389
4019
36948
33170
54046
19033
19636
57215
53293
26471
9976
9135
60003
36833
17024
37224
18028
27807
42181
44635
9867
18660
25137
61048
51890
18647
17106
50185
41906
41808
59325
39479
27293
17798
55222
47711
25213
184
63308
380
45075
24410
11481
27976
44049
9464
1366
35359
40850
32157
59616
39798
4128
5820
45692
43892
37805
17692
41829
8532
45022
55638
55049
40715
17516
11772
13322
17608
16977
57723
50665
23644
8630
60942
997
16695
63799
60467
30949
59489
24293
32119
38486
29202
53584
26650
19821
45846
3204
59162
44081
23561
63494
44126
42884
62462
29084
30083
53307
51855
37292
4891
19287
7785
48962
57639
35619
63808
38344
44761
47604
23155
33699
45356
44216
12657
9583
884
43996
49717
15560
41901
21985
51288
28848
30955
6076
46714
15882
52044
27107
26846
32407
2133
46372
35513
31098
27168
59966
26253
50462
6292
15827
8315
36030
10154
15734
58053
47004
23466
10057
43292
1992
48439
25012
37237
59920
20044
34648
767
21166
38366
46080
56337
54232
58434
665
462
3370
32420
46658
55338
25487
6548
19308
33161
63917
48705
51638
42577
2326
4610
12360
56819
13330
33598
19267
19659
51019
22923
19108
41733
60006
22920
9174
55956
2948
26869
43267
26053
1132
32457
61000
60680
27551
49604
54178
25287
5037
30107
7959
30388
2948
53160
21990
29787
16173
44462
19688
12442
55390
31782
58298
41192
15004
13643
49272
41618
57249
56925
62728
49178
64162
40646
51582
12408
6384
807
50663
26364
18276
14734
15073
49930
51672
7276
2657
35144
51838
28867
15702
38194
58244
13472
20634
32264
36507
58982
28331
52823
17551
61366
47921
12216
46074
44165
1371
5695
31172
45548
60253
33317
35952
59455
59828
43328
23180
18329
4505
52123
28067
56015
42791
30647
17263
8801
17020
41750
55316
39256
40420
6220
64146
28724
60495
20607
47459
46347
27825
47481
17773
330
34400
33978
11734
8210
5997
32336
51921
43298
23810
50226
27731
11935
6883
47356
31588
22820
49545
27756
13512
30792
46798
29305
51436
31651
50362
2172
24466
40728
45351
49373
28300
11275
61592
58065
25728
36041
15657
24177
10061
24480
63588
4139
10090
65341
17076
48954
40910
34166
27611
2694
54498
31139
52665
11093
35805
50744
60976
5576
33729
56597
65341
27325
59865
10840
12113
23608
28670
60328
25585
2491
39164
3228
53229
20194
43406
58718
7552
19759
22318
46191
13355
9521
44331
21125
39785
25471
29419
55646
61287
8295
37547
30990
53289
7832
23242
53657
15182
23011
42118
34584
25139
7850
57271
3280
42943
61882
33611
14523
15386
24391
21415
10631
21652
34246
19102
37640
6095
40884
10640
29884
57588
31021
51005
23250
43005
10412
11251
33424
44588
46460
47404
62105
35179
49591
53003
17558
19994
41959
50983
38781
42873
64601
46190
64239
12011
38776
39034
61913
19109
19892
49762
14316
61182
16742
34159
52898
55403
59531
10266
45994
20304
16708
4276
40232
13530
6420
53138
38063
41178
2498
2694
19708
51537
60878
37383
60636
45024
7178
31916
49600
40922
41055
14694
59648
62091
60714
29650
33783
41813
17642
3991
42710
39879
1721
64791
6577
59406
42502
60844
19836
26491
46908
47017
18431
59192
25537
18320
58651
28965
54651
23177
37866
6753
42068
13405
39697
7894
38831
50461
34384
29378
38875
11597
37224
54312
24451
36898
64414
36763
46808
42573
62343
13959
28878
17147
53923
30817
6783
33064
19688
27854
21721
45524
22326
41243
57153
15465
2203
12640
26462
18803
18260
54469
46428
20736
47753
63375
13480
34608
34870
65452
31642
58957
39007
58791
12248
40613
36709
20701
45521
41388
45765
64141
37792
64541
10261
26791
2184
9978
18130
19056
33135
29441
48771
19270
6947
38223
59172
28215
41312
2903
45340
49871
63583
1673
3553
2169
20687
47595
20393
62581
39819
38082
39603
32552
47747
34101
25979
4641
19515
28257
42699
26133
35422
53752
5583
12353
9517
24672
12372
14776
53324
20278
25450
62227
30459
9789
33105
1303
15819
54940
31443
45139
44417
17816
58005
54230
59750
25377
16689
40138
20022
29705
12206
11669
30596
53657
5067
4575
9779
2527
1874
10527
63477
29484
27307
51408
12195
62653
45297
6546
29498
33964
18124
22824
12990
1504
21868
27947
42403
62337
42608
6475
48230
17264
56606
35851
41799
35640
1316
44404
22923
8440
42304
54103
45721
30604
14697
11177
3815
32014
14901
35999
47772
16669
25341
50937
40030
47067
7817
6797
18681
7560
16476
54929
53331
27977
7569
42661
46951
64505
10955
32695
34975
26381
32530
42831
9013
29569
30080
51442
27216
15725
31000
47449
57753
45174
23676
28505
12870
59569
23234
17246
14629
38324
37010
45567
49882
13249
32197
30719
48073
52572
26137
22412
18570
61123
9191
59435
35778
52696
54304
9384
52603
50464
3764
60377
59041
48809
40449
24202
51623
4982
58617
31340
24905
15183
16032
22984
2301
56140
61370
18162
20322
46544
42679
35727
25035
32348
21750
827
7343
59899
369
16465
12371
44596
49539
65247
15110
4956
6555
16957
5567
65448
56024
31184
60158
7591
42944
59304
22578
16095
4885
25565
64461
46536
15245
47912
15360
9637
40239
57739
33489
8720
30642
23408
42661
4551
60317
11433
54084
41244
2186
8645
49828
28721
781
53402
56702
29656
40058
39676
52005
32566
44447
8518
13798
58516
16642
2065
41332
39578
49851
39925
18698
30493
40219
54729
2656
3439
62194
47463
33500
22499
14566
58250
53527
1430
2639
63024
50510
7060
36155
47841
42295
47400
26689
61000
24008
6604
24514
28083
36314
64352
42108
27189
63872
46169
37863
25240
19153
38535
55672
8386
31535
40628
612
52012
50954
38058
63078
65490
4684
25606
24670
18650
3311
49608
49813
31893
36117
35572
53480
5123
20962
55854
22478
11920
58287
25706
36484
49333
16049
4207
44155
769
13171
2291
4512
64826
65260
60375
50283
52048
53990
42621
33958
38769
6690
61615
40607
2195
46107
5866
1222
41119
11460
48116
42154
38073
43267
6036
39242
23559
45489
29791
6920
46453
38458
46181
45709
5566
27164
24750
4884
46079
7697
56170
13716
49856
34524
36709
32288
40921
55882
17055
56466
14354
60109
18809
33868
38334
22140
56674
44984
26258
53681
6490
326
42581
38751
2376
38745
61526
37947
721
34029
59689
52074
28732
47520
56438
6840
5955
42527
54615
20349
24841
42624
62738
7683
41092
3658
9802
42781
31718
7628
13040
29982
40599
10954
38784
16835
39607
56777
26879
45822
19704
56895
18869
51413
3158
8759
16546
34573
45900
27216
41291
4230
31324
52771
5206
21387
45707
8405
53409
2223
57610
25965
19136
30700
27668
63699
47082
13698
17661
22468
25537
60189
48024
3316
19618
9977
62303
8603
43747
35527
62577
5194
38481
14129
28837
53259
8198
10570
31792
42070
43897
4529
52983
52983
23204
39252
58513
18253
51274
27559
55759
32186
17460
40546
8101
46576
15600
65418
5728
14191
39628
1834
16178
9697
62032
3440
10608
45654
50160
2016
207
54641
58300
23261
17945
17494
30745
64406
7090
30976
42473
54972
50520
63702
3842
7513
41776
13960
58415
28328
12550
2805
46486
45224
45404
18712
52725
53366
35844
44864
17046
32364
47734
25103
25436
19161
15581
35484
19610
3918
6756
53105
50648
58877
21825
5328
36361
16805
63473
64724
3791
59820
36122
47994
36908
60432
3647
47927
8355
19583
41851
1935
55775
62480
31423
1237
45707
62329
3614
60759
64636
41938
27032
63089
52944
20301
27471
42295
5538
7801
9719
26523
45028
53397
18392
36746
26549
60994
41348
22228
37353
35912
41203
15283
3646
32453
2932
12872
1142
58088
804
7183
58761
27609
44898
20306
59384
6768
8089
30800
18486
228
65361
61214
7344
54298
53980
31092
18281
54930
57201
64964
59806
61174
41531
57452
39855
20444
37305
24847
54999
4546
53460
11715
28372
34905
22309
5403
63554
6604
55861
20373
1050
13530
28302
45333
20578
52166
60360
50873
55091
11353
1470
52628
17094
29532
59682
18370
1202
49779
14361
14931
9719
12129
51521
12724
20678
64185
63680
30654
24843
36206
6637
46381
16486
53245
23969
36862
62628
14764
3315
48026
44105
33418
17831
56533
21213
59408
46483
24397
50932
2316
23764
39394
4176
1306
33872
34706
23098
20019
48401
61277
19000
40460
35948
45577
14884
41760
38519
51510
1855
52798
7255
37839
45617
11649
49592
46090
35050
33225
31211
35553
54316
15516
29641
38025
5339
17683
11286
10738
11390
11076
7017
2488
30337
54247
53012
33785
49076
50588
9482
16656
1283
17420
54685
61421
58821
42436
39603
49520
56283
24104
24846
13130
30844
22873
16375
22948
16072
51941
15157
43389
14115
0
53187
30957
26344
21359
65323
36521
53278
31702
11844
56546
47643
49219
14265
23424
48361
20668
24906
35398
21054
10016
18250
35138
4710
14672
23632
46896
63045
59097
40976
14204
29288
47981
18718
54853
32139
23675
20601
45847
2094
54804
47656
35966
31785
6180
1520
9433
36502
45247
52302
38855
45952
2492
21534
10273
4908
17410
43979
27400
13339
25017
55273
9215
50113
54858
1794
29601
61407
21753
59550
34648
19062
55054
48343
35868
26262
7366
30073
2769
4647
56551
30963
61525
19004
58517
10066
56996
53596
66
17336
24461
51974
9602
47404
1607
16277
20175
31486
35866
36530
55203
8240
47807
43732
47355
25253
3534
41608
59522
42992
37234
33053
9931
28101
61328
28905
43364
24077
9801
59218
46498
10856
45387
29194
54950
13143
21126
6194
9922
14990
11076
16193
43582
41724
46557
2899
58719
16154
2201
256
52964
26285
37818
23671
20592
63677
23795
31057
31896
37344
7522
61672
59010
7347
57722
56253
43452
62185
24369
32760
60714
34368
40162
48853
23871
12646
13740
43974
22290
20412
36446
37764
35847
50628
57901
64759
1924
42138
23205
23744
31885
60231
2862
55031
50080
3163
23934
19117
34364
49029
15458
5225
60105
2074
38921
18947
6941
834
40993
36922
12291
62021
22331
25202
630
42919
13935
40244
9849
19255
15745
10384
63243
58949
37670
25613
6132
58489
16753
9069
14587
50416
39461
35506
6506
55576
50010
3008
30767
14299
5601
34748
38239
4351
51640
53872
27129
50885
58550
1845
64626
49953
2423
5052
29270
24151
50799
57835
9282
47321
49895
32027
47231
55336
40405
10515
20711
46957
29365
16108
40648
18825
47690
23457
50744
37431
14623
59883
60919
23809
30450
10033
57399
25955
64090
52377
42087
60873
5109
50813
14028
22156
29915
20229
1094
17150
13344
33560
41635
18036
33726
27612
32832
49669
19799
20511
4744
8499
53953
56519
9483
60246
11422
29558
51704
59473
65279
5791
55590
51210
34429
9796
2037
53005
27428
52033
53467
32442
16844
1601
1078
13027
52179
36242
46239
8037
29177
7996
63384
37540
46762
579
56069
10540
43984
8210
58311
1157
60462
36046
27668
40894
46666
966
49183
1426
34006
65411
61015
53736
47371
3806
55836
10586
38301
55628
38994
60644
30487
21965
19671
2920
22309
39834
52382
47162
45823
39602
7822
33599
46882
13813
38774
23043
28139
50976
61828
21194
19388
10390
23600
42398
30072
49079
51275
42662
33591
24340
46132
43302
59059
59010
1226
58445
29478
6490
59943
10838
16619
42572
20488
21630
26510
10306
36702
52347
45430
18117
58838
6175
20593
56758
29785
16011
42886
60754
3826
34027
63894
45030
2691
44943
43910
22894
9019
4560
21629
59409
49189
42227
42627
30116
2123
474
49939
29635
52066
62657
15858
57861
44519
6828
14520
34512
18945
52676
47842
31775
53357
47493
23606
55000
38388
39781
32307
38227
21918
389
18118
42331
59971
63877
52459
33354
25324
55136
13053
29557
3623
40985
14371
32691
35734
3759
12826
10536
38976
4049
31168
25419
24397
41476
49075
10790
41098
7692
25878
42233
35041
26662
65491
15298
10090
37645
48129
27490
12486
43871
19389
28349
27717
3424
10741
59717
25405
27557
64712
30692
38735
153
59199
54435
27630
10733
27869
4394
41918
735
12849
14194
55761
6372
29941
62899
22665
47934
31899
1127
2478
49954
1327
7118
50037
35712
18443
63264
16109
18732
20385
26281
65191
33717
28237
18295
463
58687
24419
34759
46330
38340
9263
61966
44031
26654
48512
44368
313
50763
62217
43534
49757
50121
64165
48342
14595
52010
54053
4548
49693
63489
59692
43
9204
37139
61451
5523
10630
11481
60060
27428
34893
22090
39611
34493
63615
25197
5599
11294
6201
40510
37340
40212
33831
45850
26044
57333
25638
15756
36808
42895
60953
5687
41736
10070
48840
33399
38267
47871
3649
57315
1762
59306
55196
24926
60924
50905
32740
18721
3675
7571
53403
19814
60393
57469
24644
39812
21052
35546
26560
65423
40215
58804
8277
54455
36767
50002
57070
62623
28803
9706
16498
10428
23835
15233
41488
8563
34413
18337
28841
23731
49132
53217
57091
39881
17552
52909
16189
27561
36112
32129
35198
59698
25704
63711
39081
10040
47621
57077
4720
57230
7323
22849
28052
56005
54865
32816
49828
26163
11977
36380
64865
1819
7076
16610
60704
4556
64047
15585
36801
10372
9488
13713
38276
12274
49939
46843
31538
28586
45157
16626
33200
4078
7424
13948
14759
17511
15381
28724
63016
28141
45827
47849
45898
11368
14995
15924
21118
50811
17858
22709
44968
51808
17048
10687
48579
6758
52602
53077
12123
54973
14733
46951
52035
28938
46534
30071
28978
10428
39261
26814
22427
37955
45926
63362
6851
25338
13675
55737
34911
53434
41600
57168
35069
34393
22303
23585
40606
39277
38319
50305
54671
34518
30464
31690
33439
54193
60974
53391
23110
38744
59683
20361
61957
32434
7716
14065
20090
56242
45210
20484
6979
17862
4295
52085
982
51191
33603
46974
14018
31459
32608
5196
16058
57569
58174
64328
18157
12566
10362
5509